psql:/Users/danirahman/Repos/CROcashi/scripts/indication_heat_analysis.sql:8: NOTICE:  table "temp_indication_yearly_counts" does not exist, skipping
DROP TABLE
SELECT 23195
CREATE INDEX
psql:/Users/danirahman/Repos/CROcashi/scripts/indication_heat_analysis.sql:33: NOTICE:  table "temp_yoy_growth" does not exist, skipping
DROP TABLE
SELECT 20060
psql:/Users/danirahman/Repos/CROcashi/scripts/indication_heat_analysis.sql:58: NOTICE:  table "temp_indication_stats" does not exist, skipping
DROP TABLE
SELECT 885
psql:/Users/danirahman/Repos/CROcashi/scripts/indication_heat_analysis.sql:76: NOTICE:  table "temp_momentum_scores" does not exist, skipping
DROP TABLE
SELECT 402
               indication                | total_trials | trials_recent_3yr | volume_2022_2024 |    avg_growth_pct    | momentum_score 
-----------------------------------------+--------------+-------------------+------------------+----------------------+----------------
 Thyroid Cancer                          |           42 |                22 |               22 | 250.4633333333333333 |         159.08
 Chronic Graft-versus-host-disease       |           30 |                12 |               12 | 230.0000000000000000 |         142.80
 Castration-Resistant Prostate Carcinoma |           37 |                14 |               14 | 225.0000000000000000 |         140.60
 Long COVID                              |           44 |                41 |               41 | 191.0000000000000000 |         131.00
 Recurrent High Grade B-Cell Lymphoma    |           30 |                14 |               14 | 168.5700000000000000 |         106.74
 Pediatric Cancer                        |           21 |                13 |               13 | 161.1100000000000000 |         101.87
 Recurrent Cervical Carcinoma            |           21 |                13 |               13 | 161.1100000000000000 |         101.87
 Recurrent Malignant Glioma              |           22 |                 6 |                6 | 160.0000000000000000 |          98.40
 Fabry Disease                           |           21 |                11 |               11 | 158.7300000000000000 |          99.64
 IgA Nephropathy                         |           27 |                15 |               15 | 151.1100000000000000 |          96.67
 Dry Eye Syndromes                       |           24 |                10 |               10 | 149.5233333333333333 |          93.71
 HCC                                     |           29 |                 9 |                9 | 144.4433333333333333 |          90.27
 Efficacy                                |           20 |                17 |               17 | 140.0000000000000000 |          90.80
 Metastatic Kidney Cancer                |           28 |                17 |               17 | 140.0000000000000000 |          90.80
 Diarrhea                                |           26 |                10 |               10 | 133.3333333333333333 |          84.00
 Gastroesophageal Cancer (GC)            |           23 |                 7 |                7 | 125.0000000000000000 |          77.80
 Eye Diseases                            |           23 |                10 |               10 | 121.4300000000000000 |          76.86
 Postoperative Nausea and Vomiting       |           21 |                18 |               18 | 119.8433333333333333 |          79.11
 Essential Thrombocythemia               |           22 |                10 |               10 | 119.4433333333333333 |          75.67
 Glioblastoma Multiforme                 |           55 |                26 |               26 | 117.1300000000000000 |          80.68
(20 rows)

                          indication                          | total_trials | trials_recent_3yr | volume_2022_2024 |    avg_growth_pct    | momentum_score 
--------------------------------------------------------------+--------------+-------------------+------------------+----------------------+----------------
 Coronavirus                                                  |           53 |                 1 |                1 | -80.0000000000000000 |         -47.60
 Covid19                                                      |          426 |                14 |               14 | -65.0800000000000000 |         -33.45
 Severe Acute Respiratory Syndrome Coronavirus 2 (SARS-CoV-2) |           26 |                 3 |                3 | -62.5000000000000000 |         -36.30
 Hematopoietic and Lymphoid Cell Neoplasm                     |           32 |                 6 |                6 | -62.2200000000000000 |         -34.93
 Type2 Diabetes                                               |           22 |                 4 |                4 | -61.9050000000000000 |         -35.54
 COVID-19 Pneumonia                                           |           61 |                14 |               14 | -60.3700000000000000 |         -30.62
 SARS-CoV-2 Infection                                         |          145 |                34 |               34 | -56.9000000000000000 |         -20.54
 COVID-19                                                     |          847 |               204 |              204 | -52.8033333333333333 |          49.92
 COVID                                                        |           69 |                 2 |                2 | -50.0000000000000000 |         -29.20
 Sars-CoV2                                                    |           46 |                 1 |                1 | -50.0000000000000000 |         -29.60
 Coronavirus Infections                                       |           87 |                 8 |                8 | -47.7766666666666667 |         -25.47
 Coronavirus Disease 2019                                     |           20 |                 2 |                2 | -45.8350000000000000 |         -26.70
 Pneumonia, Viral                                             |           37 |                 2 |                2 | -45.0000000000000000 |         -26.20
 SARS-CoV-2                                                   |          117 |                21 |               21 | -40.0666666666666667 |         -15.64
 Unresectable Melanoma                                        |           30 |                12 |               12 | -39.2866666666666667 |         -18.77
 Postmenopausal Osteoporosis                                  |           20 |                 6 |                6 | -36.1100000000000000 |         -19.27
 Stage III Renal Cell Cancer AJCC v8                          |           26 |                 9 |                9 | -35.5566666666666667 |         -17.73
 Diabetes                                                     |           35 |                10 |               10 | -35.0000000000000000 |         -17.00
 LOCAL ANESTHESIA                                             |           30 |                 9 |                9 | -32.2200000000000000 |         -15.73
 Clinical Stage IV Cutaneous Melanoma AJCC v8                 |           21 |                 6 |                6 | -30.5566666666666667 |         -15.93
(20 rows)

                indication                | recent_volume | phase3_pct_recent | phase3_pct_early | phase3_shift | phase2_pct_recent | phase2_pct_early | phase2_shift 
------------------------------------------+---------------+-------------------+------------------+--------------+-------------------+------------------+--------------
 Pneumonia, Viral                         |             2 |             100.0 |             16.0 |         84.0 |               0.0 |             64.0 |        -64.0
 Anemia                                   |            20 |              12.5 |             76.4 |        -63.9 |              79.2 |             16.2 |         63.0
 Hematopoietic and Lymphoid Cell Neoplasm |             6 |              70.0 |             11.1 |         58.9 |              30.0 |             72.2 |        -42.2
 Non-Malignant Neoplasm                   |            12 |               0.0 |             46.0 |        -46.0 |              61.1 |             37.9 |         23.2
 Polycythemia Vera                        |            14 |              48.3 |              4.8 |         43.6 |              36.7 |             81.0 |        -44.3
 Liver Cancer                             |            20 |               4.8 |             47.2 |        -42.5 |              76.1 |             36.1 |         40.0
 COPD                                     |            19 |              41.9 |              0.0 |         41.9 |              48.6 |             86.1 |        -37.5
 Pain, Neuropathic                        |            16 |              53.3 |             12.5 |         40.8 |              26.7 |             87.5 |        -60.8
 Epithelial Ovarian Cancer                |            20 |              13.0 |             53.6 |        -40.6 |              54.1 |             19.1 |         35.0
 PTSD                                     |            19 |              19.4 |             58.3 |        -38.9 |              59.2 |             41.7 |         17.6
 Respiratory Syncytial Virus Infections   |            26 |              59.4 |             20.8 |         38.5 |              25.5 |             70.8 |        -45.3
 Dry Eye Disease                          |            25 |              51.5 |             13.3 |         38.2 |              33.5 |             63.3 |        -29.9
 Ovarian Carcinoma                        |            23 |               0.0 |             35.7 |        -35.7 |              73.3 |             40.1 |         33.3
 Ocular Hypertension                      |            14 |              28.3 |             63.9 |        -35.6 |              56.7 |             21.3 |         35.4
 Acne Vulgaris                            |            14 |              28.3 |             62.5 |        -34.2 |              51.7 |             15.3 |         36.4
 Immune Thrombocytopenia                  |            27 |               9.1 |             40.0 |        -30.9 |              82.0 |             60.0 |         22.0
 Allergic Rhinitis                        |            16 |              13.3 |             44.0 |        -30.7 |              77.1 |             43.5 |         33.7
 Pneumonia                                |            11 |              31.7 |             62.3 |        -30.6 |              53.3 |             24.6 |         28.7
 End Stage Renal Disease (ESRD)           |            13 |              60.0 |             29.8 |         30.2 |              31.7 |             51.2 |        -19.5
 Chemotherapy Effect                      |            25 |              43.3 |             13.5 |         29.9 |              50.0 |             69.0 |        -19.0
 Bipolar Disorder                         |            23 |              21.7 |             51.1 |        -29.4 |              78.3 |             36.7 |         41.6
 Metastatic Ncc Renal Cell Carcinoma      |            13 |              36.5 |              7.2 |         29.3 |              52.4 |             80.2 |        -27.9
 COVID-19                                 |           204 |              30.4 |             59.6 |        -29.3 |              57.4 |             37.5 |         19.9
 Cirrhosis                                |            14 |              12.5 |             41.1 |        -28.6 |              79.2 |             35.5 |         43.6
 COVID                                    |             2 |              50.0 |             22.2 |         27.8 |               0.0 |             66.7 |        -66.7
 Hereditary Angioedema                    |            14 |              72.2 |             44.4 |         27.8 |              20.4 |             55.6 |        -35.2
 Marginal Zone Lymphoma                   |            18 |              30.6 |              3.3 |         27.2 |              65.3 |             57.6 |          7.7
 Radiotherapy                             |            35 |              28.8 |             56.0 |        -27.2 |              68.2 |             31.0 |         37.2
 Critical Illness                         |            12 |              23.3 |             50.0 |        -26.7 |              70.0 |             50.0 |         20.0
 Smoking Cessation                        |            16 |              51.2 |             27.5 |         23.7 |              44.0 |             65.1 |        -21.1
(30 rows)

 year | trial_starts | phase1_count | phase2_count | phase3_count 
------+--------------+--------------+--------------+--------------
 2018 |            1 |            0 |            1 |            0
 2018 |            1 |            0 |            1 |            0
 2018 |            1 |            0 |            0 |            1
 2018 |            1 |            0 |            1 |            0
 2018 |            2 |            0 |            1 |            1
 2018 |            1 |            0 |            1 |            0
 2019 |            1 |            0 |            0 |            1
 2020 |            1 |            1 |            0 |            0
 2020 |            1 |            0 |            0 |            1
 2020 |            1 |            0 |            1 |            0
 2020 |          222 |           25 |          112 |           85
 2020 |            1 |            0 |            1 |            0
 2020 |            1 |            0 |            0 |            1
 2020 |            1 |            0 |            0 |            1
 2020 |            1 |            0 |            1 |            0
 2020 |            1 |            0 |            0 |            1
 2020 |            1 |            0 |            1 |            0
 2020 |           42 |            4 |           26 |           12
 2020 |            3 |            0 |            3 |            0
 2020 |           16 |            2 |           10 |            4
 2020 |            2 |            0 |            1 |            1
 2020 |            1 |            0 |            0 |            1
 2020 |            1 |            0 |            0 |            1
 2020 |            1 |            0 |            1 |            0
 2020 |           60 |            7 |           32 |           21
 2020 |           29 |            2 |           19 |            8
 2020 |           63 |            7 |           42 |           14
 2020 |            1 |            0 |            1 |            0
 2020 |           74 |            7 |           47 |           20
 2020 |            4 |            1 |            1 |            2
 2020 |            1 |            0 |            0 |            1
 2020 |            1 |            0 |            1 |            0
 2020 |            1 |            0 |            1 |            0
 2020 |            2 |            0 |            2 |            0
 2020 |            1 |            0 |            1 |            0
 2020 |            2 |            0 |            1 |            1
 2020 |            1 |            0 |            0 |            1
 2020 |            1 |            0 |            1 |            0
 2020 |            2 |            0 |            2 |            0
 2020 |            1 |            0 |            1 |            0
 2020 |            1 |            1 |            0 |            0
 2020 |            1 |            1 |            0 |            0
 2020 |            1 |            0 |            0 |            1
 2020 |            1 |            0 |            1 |            0
 2020 |            1 |            0 |            1 |            0
 2020 |            1 |            1 |            0 |            0
 2020 |            1 |            0 |            1 |            0
 2020 |            1 |            0 |            1 |            0
 2020 |            1 |            1 |            0 |            0
 2020 |            1 |            0 |            1 |            0
 2020 |            1 |            0 |            1 |            0
 2020 |            1 |            0 |            1 |            0
 2020 |            1 |            0 |            1 |            0
 2020 |            1 |            0 |            1 |            0
 2020 |            1 |            0 |            1 |            0
 2020 |           46 |            8 |           20 |           18
 2020 |          453 |           39 |          283 |          131
 2020 |            1 |            0 |            1 |            0
 2020 |            6 |            0 |            5 |            1
 2020 |            1 |            0 |            0 |            1
 2020 |            1 |            1 |            0 |            0
 2020 |            1 |            0 |            0 |            1
 2020 |            1 |            0 |            0 |            1
 2020 |            6 |            2 |            3 |            1
 2020 |            1 |            1 |            0 |            0
 2020 |           64 |            7 |           42 |           15
 2020 |            1 |            0 |            1 |            0
 2020 |            1 |            0 |            0 |            1
 2020 |            2 |            0 |            1 |            1
 2020 |            1 |            0 |            1 |            0
 2020 |            5 |            0 |            3 |            2
 2020 |           15 |            4 |            8 |            3
 2020 |            1 |            0 |            1 |            0
 2020 |            1 |            0 |            1 |            0
 2020 |            2 |            0 |            0 |            2
 2021 |            1 |            1 |            0 |            0
 2021 |            3 |            0 |            3 |            0
 2021 |            4 |            0 |            1 |            3
 2021 |          187 |           30 |          102 |           55
 2021 |            1 |            1 |            0 |            0
 2021 |            4 |            1 |            2 |            1
 2021 |           18 |            1 |            8 |            9
 2021 |            6 |            1 |            2 |            3
 2021 |            6 |            1 |            3 |            2
 2021 |            5 |            2 |            3 |            0
 2021 |            1 |            0 |            1 |            0
 2021 |            5 |            0 |            3 |            2
 2021 |           12 |            1 |            7 |            4
 2021 |            1 |            0 |            1 |            0
 2021 |           15 |            2 |           10 |            3
 2021 |            4 |            0 |            3 |            1
 2021 |            8 |            1 |            5 |            2
 2021 |          189 |           18 |          115 |           56
 2021 |            2 |            0 |            2 |            0
 2021 |            1 |            0 |            1 |            0
 2021 |            1 |            0 |            1 |            0
 2021 |            2 |            0 |            2 |            0
 2021 |            1 |            0 |            0 |            1
 2021 |            1 |            0 |            0 |            1
 2021 |            1 |            0 |            0 |            1
 2021 |            1 |            0 |            0 |            1
 2021 |            2 |            0 |            2 |            0
 2021 |            1 |            0 |            1 |            0
 2021 |            3 |            0 |            3 |            0
 2021 |            1 |            0 |            1 |            0
 2021 |            1 |            0 |            1 |            0
 2021 |            1 |            0 |            1 |            0
 2021 |            1 |            1 |            0 |            0
 2021 |            1 |            0 |            1 |            0
 2021 |            2 |            0 |            1 |            1
 2021 |            2 |            0 |            1 |            1
 2021 |           22 |            3 |           10 |            9
 2021 |            8 |            0 |            8 |            0
 2021 |           50 |            8 |           23 |           19
 2021 |            1 |            0 |            1 |            0
 2021 |            2 |            1 |            0 |            1
 2021 |            1 |            0 |            0 |            1
 2021 |            8 |            0 |            5 |            3
 2021 |            4 |            1 |            2 |            1
 2021 |            1 |            0 |            1 |            0
 2021 |            1 |            0 |            1 |            0
 2021 |            2 |            1 |            1 |            0
 2021 |            1 |            0 |            0 |            1
 2021 |            1 |            0 |            0 |            1
 2022 |            1 |            0 |            1 |            0
 2022 |            1 |            0 |            0 |            1
 2022 |            1 |            0 |            1 |            0
 2022 |            2 |            0 |            2 |            0
 2022 |           10 |            0 |            4 |            6
 2022 |            2 |            1 |            1 |            0
 2022 |            4 |            0 |            4 |            0
 2022 |            1 |            1 |            0 |            0
 2022 |           10 |            2 |            7 |            1
 2022 |            6 |            0 |            5 |            1
 2022 |            9 |            3 |            4 |            2
 2022 |            1 |            0 |            1 |            0
 2022 |            9 |            2 |            4 |            3
 2022 |            1 |            1 |            0 |            0
 2022 |            9 |            1 |            6 |            2
 2022 |            1 |            0 |            1 |            0
 2022 |            3 |            1 |            1 |            1
 2022 |           21 |            1 |           14 |            6
 2022 |            1 |            0 |            0 |            1
 2022 |            4 |            0 |            3 |            1
 2022 |            1 |            0 |            1 |            0
 2022 |            1 |            0 |            0 |            1
 2022 |            2 |            0 |            1 |            1
 2022 |            2 |            1 |            0 |            1
 2022 |            1 |            0 |            1 |            0
 2022 |            1 |            0 |            0 |            1
 2022 |            2 |            0 |            2 |            0
 2022 |          134 |           21 |           69 |           44
 2022 |            1 |            1 |            0 |            0
 2022 |            1 |            0 |            1 |            0
 2022 |            5 |            1 |            3 |            1
 2022 |            1 |            0 |            1 |            0
 2023 |            5 |            0 |            5 |            0
 2023 |            5 |            0 |            4 |            1
 2023 |            2 |            0 |            1 |            1
 2023 |            2 |            0 |            2 |            0
 2023 |            1 |            0 |            1 |            0
 2023 |            1 |            0 |            1 |            0
 2023 |            1 |            0 |            1 |            0
 2023 |            1 |            0 |            1 |            0
 2023 |            2 |            0 |            2 |            0
 2023 |            3 |            0 |            3 |            0
 2023 |            1 |            0 |            1 |            0
 2023 |            1 |            0 |            1 |            0
 2023 |            1 |            0 |            1 |            0
 2023 |            1 |            0 |            1 |            0
 2023 |           54 |            8 |           28 |           18
 2023 |            8 |            1 |            3 |            4
 2023 |            3 |            0 |            1 |            2
 2023 |            1 |            0 |            1 |            0
 2023 |            3 |            0 |            2 |            1
 2023 |            3 |            0 |            2 |            1
 2023 |            1 |            0 |            1 |            0
 2023 |           25 |            1 |           23 |            1
 2023 |            1 |            0 |            0 |            1
 2023 |            3 |            0 |            2 |            1
 2023 |            9 |            0 |            6 |            3
 2023 |            1 |            0 |            1 |            0
 2023 |            1 |            0 |            1 |            0
 2023 |            1 |            0 |            1 |            0
 2023 |            1 |            0 |            1 |            0
 2023 |            1 |            0 |            1 |            0
 2023 |            2 |            0 |            2 |            0
 2024 |           16 |            1 |           11 |            4
 2024 |            1 |            0 |            1 |            0
 2024 |            1 |            0 |            0 |            1
 2024 |            1 |            0 |            0 |            1
 2024 |            1 |            0 |            0 |            1
 2024 |            1 |            0 |            1 |            0
 2024 |            1 |            0 |            1 |            0
 2024 |            2 |            0 |            2 |            0
 2024 |            4 |            1 |            2 |            1
 2024 |            1 |            0 |            1 |            0
 2024 |            1 |            0 |            1 |            0
 2024 |            4 |            1 |            2 |            1
 2024 |            2 |            0 |            1 |            1
 2024 |            1 |            0 |            1 |            0
 2024 |            1 |            0 |            1 |            0
 2024 |            1 |            0 |            0 |            1
 2024 |           12 |            1 |            9 |            2
 2024 |            1 |            1 |            0 |            0
 2024 |            1 |            0 |            1 |            0
(206 rows)

 year | total_oncology_trials | phase1 | phase2 | phase3 | pct_phase1 | pct_phase2 | pct_phase3 
------+-----------------------+--------+--------+--------+------------+------------+------------
 2018 |                  2192 |    517 |   1411 |    264 |       23.6 |       64.4 |       12.0
 2019 |                  2185 |    490 |   1388 |    307 |       22.4 |       63.5 |       14.1
 2020 |                  2235 |    582 |   1372 |    281 |       26.0 |       61.4 |       12.6
 2021 |                  2607 |    656 |   1626 |    325 |       25.2 |       62.4 |       12.5
 2022 |                  2362 |    693 |   1380 |    289 |       29.3 |       58.4 |       12.2
 2023 |                  2495 |    620 |   1541 |    334 |       24.8 |       61.8 |       13.4
 2024 |                  2493 |    540 |   1661 |    292 |       21.7 |       66.6 |       11.7
(7 rows)

 year | total_autoimmune_trials | phase1 | phase2 | phase3 | pct_phase1 | pct_phase2 | pct_phase3 
------+-------------------------+--------+--------+--------+------------+------------+------------
 2018 |                     228 |     23 |    121 |     84 |       10.1 |       53.1 |       36.8
 2019 |                     227 |     28 |    120 |     79 |       12.3 |       52.9 |       34.8
 2020 |                     185 |     23 |    108 |     54 |       12.4 |       58.4 |       29.2
 2021 |                     252 |     25 |    135 |     92 |        9.9 |       53.6 |       36.5
 2022 |                     230 |     36 |    126 |     68 |       15.7 |       54.8 |       29.6
 2023 |                     199 |     30 |    108 |     61 |       15.1 |       54.3 |       30.7
 2024 |                     191 |     51 |     91 |     49 |       26.7 |       47.6 |       25.7
(7 rows)

               indication               | y2018 | y2019 | y2020 | y2021 | y2022 | y2023 | y2024 | total_trials 
----------------------------------------+-------+-------+-------+-------+-------+-------+-------+--------------
 COVID-19                               |     2 |     1 |   453 |   187 |   134 |    54 |    16 |          847
 Advanced Breast Cancer                 |    55 |    71 |    77 |    88 |    95 |    83 |    84 |          553
 Colorectal Cancer                      |    77 |    67 |    69 |    73 |    82 |    90 |    95 |          553
 Hepatocellular Carcinoma               |    52 |    79 |    56 |    73 |    78 |    77 |    55 |          470
 Prostate Cancer                        |    79 |    65 |    66 |    68 |    44 |    65 |    64 |          451
 Covid19                                |     1 |     0 |   222 |   189 |     9 |     3 |     2 |          426
 Acute Myeloid Leukemia                 |    56 |    66 |    52 |    60 |    49 |    34 |    57 |          374
 Multiple Myeloma                       |    46 |    54 |    28 |    58 |    50 |    47 |    44 |          327
 Gastric Cancer                         |    42 |    46 |    42 |    51 |    45 |    45 |    56 |          327
 Metastatic Breast Cancer               |    34 |    55 |    42 |    44 |    38 |    69 |    44 |          326
 Type 1 Diabetes Mellitus               |    61 |    68 |    34 |    33 |    38 |    38 |    29 |          301
 Advanced Solid Tumors                  |    17 |    24 |    38 |    49 |    65 |    54 |    45 |          292
 Ovarian Cancer                         |    46 |    37 |    38 |    41 |    33 |    40 |    52 |          287
 Pancreatic Cancer                      |    40 |    33 |    42 |    38 |    38 |    34 |    56 |          281
 Triple Negative Breast Cancer          |    31 |    34 |    33 |    41 |    42 |    30 |    49 |          260
 Head and Neck Squamous Cell Carcinomas |    28 |    20 |    30 |    47 |    31 |    44 |    47 |          247
 Atopic Dermatitis                      |    35 |    29 |    34 |    30 |    34 |    28 |    32 |          222
 Diffuse Large B-cell Lymphoma          |    21 |    22 |    38 |    33 |    35 |    36 |    29 |          214
 Alzheimer Disease                      |    30 |    25 |    26 |    35 |    40 |    24 |    29 |          209
 Obesity                                |    21 |    13 |    12 |    39 |    30 |    41 |    51 |          207
 Myelodysplastic Syndrome               |    28 |    22 |    28 |    43 |    33 |    24 |    28 |          206
 Metastatic Melanoma                    |    29 |    29 |    24 |    34 |    30 |    30 |    14 |          190
 Major Depressive Disorder              |    30 |    19 |    24 |    29 |    26 |    23 |    34 |          185
 Parkinson Disease                      |    39 |    23 |    26 |    25 |    23 |    24 |    18 |          178
 Cervical Cancer                        |    22 |    16 |    26 |    37 |    22 |    27 |    27 |          177
 Nasopharyngeal Carcinoma               |    20 |    18 |    26 |    25 |    33 |    22 |    29 |          173
 Lung Cancer                            |    26 |    15 |    20 |    20 |    29 |    32 |    28 |          170
 NSCLC                                  |    11 |    15 |    29 |    32 |    29 |    23 |    25 |          164
 Glioblastoma                           |    26 |    21 |    26 |    20 |    24 |    19 |    21 |          157
 Heart Failure                          |    26 |    18 |    18 |    25 |    21 |    25 |    24 |          157
(30 rows)

               indication                | baseline_volume | recent_volume | volume_2022_2024 |    avg_growth_pct    | growth_multiple 
-----------------------------------------+-----------------+---------------+------------------+----------------------+-----------------
 Thyroid Cancer                          |              10 |            22 |               22 | 250.4633333333333333 |            2.20
 Chronic Graft-versus-host-disease       |               9 |            12 |               12 | 230.0000000000000000 |            1.33
 Castration-Resistant Prostate Carcinoma |              12 |            14 |               14 | 225.0000000000000000 |            1.17
 Fabry Disease                           |               7 |            11 |               11 | 158.7300000000000000 |            1.57
 IgA Nephropathy                         |               6 |            15 |               15 | 151.1100000000000000 |            2.50
 Dry Eye Syndromes                       |               6 |            10 |               10 | 149.5233333333333333 |            1.67
 HCC                                     |               8 |             9 |                9 | 144.4433333333333333 |            1.13
 Metastatic Kidney Cancer                |               5 |            17 |               17 | 140.0000000000000000 |            3.40
 Eye Diseases                            |               6 |            10 |               10 | 121.4300000000000000 |            1.67
 Glioblastoma Multiforme                 |              20 |            26 |               26 | 117.1300000000000000 |            1.30
 Non Alcholic Fatty Liver Disease        |               7 |            16 |               16 | 116.6666666666666667 |            2.29
 Hypertension, Essential                 |               6 |            12 |               12 | 115.8733333333333333 |            2.00
 Post Operative Pain                     |               5 |            28 |               28 | 108.3333333333333333 |            5.60
 Fallopian Tube Carcinoma                |               5 |            11 |               11 | 108.3333333333333333 |            2.20
 Resectable Pancreatic Cancer            |               6 |            10 |               10 | 105.5566666666666667 |            1.67
 Poliomyelitis                           |               7 |             9 |                9 | 103.3333333333333333 |            1.29
 Primary Sclerosing Cholangitis          |               7 |             8 |                8 |  91.1100000000000000 |            1.14
 Myelofibrosis (MF)                      |              11 |            16 |               16 |  89.3933333333333333 |            1.45
 Gastrointestinal Stromal Tumors (GISTs) |               9 |            11 |               11 |  88.8900000000000000 |            1.22
 Helicobacter Pylori Infection           |               5 |            16 |               16 |  83.3333333333333333 |            3.20
(20 rows)

